79221
79226
79231
79236
79241
79246
79251
79256
79261
79270
79275
79280
79285
79290
79296
79301
79306
79311
79316
79321
79326
79331
79336
79342
79347
79352
79357
79362
79367
79372
79377
79382
79387
79392
79397
79402
79407
79413
79417
79422
79427
79432
79436
79438
79443
79448
79453
79458
79466
79471
79476
79481
79486
79489
79494
79500
79505
79510
79515
79520
79525
79530
79535
79540
79546
79551
79556
79563
79568
79572
79576
79581
79586
79587
79592
79597
79602
79607
79612
79617
79622
79627
79632
79661
79662
79667
79672
79677
79682
79687
79692
79698
79703
79708
79713
79718
79724
79729
79733
79738
79743
79748
79753
79758
79763
79768
79773
79778
79783
79788
79794
79799
79804
79809
79814
79819
79824
79829
79834
79839
79844
79849
79854
79859
79864
79872
79876
79881
79887
79893
79900
79905
79910
79915
79920
79925
79930
79935
79941
79946
79951
79957
79962
79967
79972
79975
79984
79991
79996
80001
80007
80012
80017
80022
80027
80033
80038
80043
80048
80053
80058
80062
80067
80072
80077
80082
80087
80092
80097
80101
80106
80111
80116
80122
80127
80132
80137
80142
80148
80153
80158
80163
80168
80173
80178
80183
80188
80193
80198
80203
80208
80213
80220
80225
80230
80235
80240
80245
80250
80251
80256
80261
80266
80271
80276
80281
80286
80291
80296
80301
80306
80311
80317
80323
80328
80338
80343
80348
80353
80358
80365
80369
80374
80379
80384
80389
80395
80400
80405
80410
80415
80419
80424
80429
80434
80456
80460
80466
80469
80473
80476
80481
80486
80491
80496
80501
80506
80511
80516
80521
80530
80535
80540
80545
80550
80555
80558
80563
80568
80573
80578
80583
80588
80593
80598
80604
80608
80611
80615
80619
80624
80628
80632
80637
80642
80647
80652
80656
80661
80664
80669
80674
80679
80684
80689
80694
80699
80704
80709
80714
80719
80723
80727
80731
80734
80735
80740
80744
80748
80753
80758
80763
80768
80773
80778
80783
80788
80793
80799
80804
80809
80814
80818
80823
80828
80833
80838
80843
80848
80853
80858
80863
80868
80872
80877
80880
80885
80894
80898
80903
80913
80916
80918
80923
80928
80932
80934
80937
80941
80944
80951
80954
80957
80961
80964
80969
80972
80981
80986
81001
81006
81011
81017
81021
81023
81028
81033
81042
81047
81052
81057
81062
81068
81072
81077
81082
81087
81093
81098
81103
81108
81129
81131
81138
81147
81152
81157
81162
81167
81172
81177
81185
81191
81200
81205
81211
81216
81221
81226
81236
81241
81246
81251
81256
81261
81266
81273
81278
81283
81288
81293
81298
81307
81312
81317
81322
81327
81332
81337
81342
81347
81353
81359
81364
81368
81372
81375
81377
81380
81385
81389
81393
81397
81401
81405
81409
81413
81418
81423
81428
81432
81437
81442
81447
81452
81456
81461
81465
81469
81473
81477
81482
81486
81491
81499
81504
81509
81514
81519
81523
81526
81529
81534
81539
81544
81549
81554
81559
81564
81570
81575
81580
81585
81590
81595
81600
81605
81610
81615
81620
81625
81630
81636
81642
81647
81652
81657
81662
81667
81672
81677
81681
81686
81691
81696
81701
81706
81708
81713
81718
81723
81733
81738
81743
81748
81753
81758
81763
81768
81773
81778
81802
81807
81812
81816
81820
81823
81826
81829
81834
81838
81842
81847
81851
81856
81860
81865
81877
81881
81885
81889
81893
81897
81903
81908
81910
81915
81920
81925
81930
81941
81947
81954
81959
81964
81969
81974
81979
81984
81989
81994
81999
82004
82009
82014
82019
82024
82029
82033
82038
82043
82048
82052
82059
82063
82068
82072
82076
82081
82086
82091
82096
82100
82105
82110
82115
82120
82125
82127
82130
82132
82135
82137
82139
82142
82144
82146
82148
82151
82153
82155
82158
82160
82162
82164
82167
82169
82171
82173
82176
82179
82181
82183
82189
82192
82194
82196
82199
82201
82204
82206
82210
82213
82215
82218
82220
82223
82224
82226
82229
82231
82234
82236
82237
82239
82242
82244
82245
82248
82250
82251
82254
82256
82259
82261
82263
82265
82270
82272
82274
82275
82277
82279
82280
82281
82283
82285
82286
82288
82290
82292
82294
82298
82300
82303
82305
82307
82309
82311
82312
82315
82317
82319
82321
82324
82326
82327
82329
82331
82333
82336
82338
82340
82343
82346
82348
82350
82352
82354
82356
82358
82360
82362
82364
82366
82368
82370
82373
82375
82377
82379
82381
82383
82385
82387
82389
82391
82394
82396
82398
82400
82402
82404
82406
82409
82412
82415
82417
82419
82421
82423
82426
82428
82430
82432
82434
82437
82439
82441
82443
82446
82448
82450
82452
82455
82457
82459
82462
82464
82466
82469
82472
82474
82476
82479
82481
82483
82486
82488
82490
82492
82494
82496
82498
82500
82502
82504
82506
82508
82511
82532
82534
82537
82539
82542
82545
82547
82549
82551
82553
82555
82557
82559
82561
82563
82564
82566
82567
82569
82571
82575
82577
82579
82581
82583
82586
82588
82590
82592
82594
82597
82599
82601
82604
82606
82616
82619
82621
82623
82626
82628
82630
82633
82635
82637
82646
82649
82651
82654
82656
82658
82659
82660
82661
82662
82663
82664
82665
82666
82667
82668
82669
82670
82671
82672
82673
82674
82675
82676
82677
82678
82679
82680
82681
82682
82683
82684
82685
82686
82687
82688
82689
82690
82695
82696
82697
82698
82699
82700
82701
82702
82703
82704
82705
82706
82707
82708
82709
82710
82711
82712
82713
82714
82715
82716
82717
82718
82719
82720
82721
82722
82723
82724
82725
82726
82727
82728
82729
82730
82731
82732
82733
82734
82735
82736
82737
82738
82739
82740
82741
82742
82743
82744
82745
82748
82749
82750
82751
82752
82753
82754
82755
82756
82757
82758
82759
82760
82761
82762
82763
82764
82765
82766
82767
82768
82769
82770
82771
82772
82773
82774
82775
82776
82777
82778
82779
82780
82781
82782
82783
82784
82785
82786
82787
82788
82789
82790
82791
82792
82793
82794
82795
82796
82797
82798
82800
82801
82802
82803
82804
82805
82806
82807
82808
82809
82810
82811
82812
82813
82814
82815
82816
82817
82818
82819
82823
82824
82825
82826
82827
82828
82829
82830
82831
82832
82833
82834
82835
82836
82837
82838
82839
82840
82841
82842
82843
82844
82845
82846
82847
82848
82850
82851
82852
82853
82854
82855
82856
82857
82858
82859
82860
82861
82862
82863
82864
82865
82866
82867
82868
82869
82870
82871
82872
82873
82874
82875
82876
82877
82878
82879
82880
82881
82882
82883
82884
82885
82886
82887
82888
82889
82895
82896
82897
82898
82899
82900
82901
82902
82903
82904
82905
82906
82908
82909
82910
82911
82912
82913
82914
82915
82916
82917
82918
82919
82920
82921
82922
82923
82924
82925
82926
82927
82928
82929
82930
82931
82932
82933
82934
82935
82936
82938
82939
82940
82941
82942
82943
82944
82945
82946
82947
82948
82949
82950
82951
82952
82953
82954
82955
82956
82957
82958
82959
82960
82961
82962
82963
82964
82965
82966
82967
82968
82969
82970
82971
82972
82973
82974
82975
82976
82977
82978
82979
82980
82981
82982
82983
82984
83003
83004
83005
83006
83007
83008
83009
83010
83011
83012
83013
83014
83015
83016
83017
83018
83019
83020
83021
83022
83023
83024
83025
83026
83027
83028
83029
83030
83031
83032
83033
83034
83035
83036
83037
83038
83039
83040
83041
83042
83043
83044
83045
83046
83047
83048
83049
83050
83052
83053
83054
83055
83056
83057
83058
83059
83060
83061
83062
83063
83064
83065
83066
83067
83068
83069
83070
83071
83072
83073
83074
83075
83076
