84662
84663
84664
84665
84666
84667
84668
84669
84670
84671
84672
84673
84674
84675
84676
84677
84678
84679
84680
84681
84682
84701
84702
84703
84704
84705
84706
84707
84708
84709
84710
84711
84712
84713
84714
84719
84720
84721
84722
84723
84724
84725
84726
84727
84728
84729
84730
84731
84732
84733
84734
84735
84737
84738
84739
84740
84741
84742
84744
84745
84746
84747
84748
84749
84750
84751
84752
84753
84756
84757
84758
84759
84760
84761
84762
84763
84765
84766
84767
84768
84769
84770
84771
84772
84777
84778
84779
84780
84781
84782
84783
84784
84785
84786
84787
84788
84789
84790
84792
84793
84794
84795
84796
84797
84798
84799
84800
84801
84802
84803
84804
84805
84806
84807
84808
84809
84810
84811
84814
84815
84816
84817
84818
84819
84820
84821
84822
84823
84824
84825
84826
84827
84828
84829
84830
84831
84851
84852
84853
84854
84856
84857
84858
84860
84861
84862
84863
84864
84865
84866
84871
84872
84873
84874
84876
84877
84879
84881
84882
84885
84887
84888
84890
84892
84893
84894
84895
84896
84897
84898
84899
84900
84903
84904
84905
84906
84907
84909
84910
84911
84912
84913
84914
84915
84916
84919
84920
84921
84922
84923
84924
84925
84926
84927
84928
84929
84930
84931
84932
84933
84934
84936
84937
84938
84939
84940
84941
84942
84943
84944
84945
84946
84947
84948
84949
84950
84951
84952
84953
84954
84960
84961
84962
84963
84964
84965
84966
84967
84968
84969
84970
84971
84972
84973
84974
84975
84976
84977
84978
84980
84981
84982
84983
84984
84985
84986
84987
84988
84989
84990
84991
84992
84993
84994
84996
84997
84998
84999
85000
85001
85002
85003
85004
85005
85006
85007
85008
85009
85010
85011
85030
85031
85032
85033
85034
85035
85036
85037
85038
85039
85040
85041
85042
85043
85044
85045
85046
85048
85049
85050
85051
85052
85053
85054
85055
85056
85057
85058
85059
85060
85061
85062
85063
85064
85066
85067
85068
85069
85070
85071
85072
85073
85074
85075
85076
85077
85078
85079
85080
85081
85082
85083
85086
85087
85088
85089
85090
85091
85092
85093
85094
85095
85096
85097
85098
85099
85100
85101
85102
85105
85106
85107
85108
85109
85111
85112
85113
85114
85115
85116
85117
85118
85119
85121
85122
85123
85124
85125
85126
85127
85128
85129
85135
85136
85137
85143
85144
85145
85146
85147
85148
85149
85150
85151
85152
85153
85154
85155
85156
85157
85158
85159
85160
85162
85163
85164
85165
85166
85167
85168
85169
85170
85171
85172
85173
85174
85175
85176
85177
85179
85180
85181
85182
85183
85184
85185
85186
85187
85188
85189
85190
85191
85192
85193
85194
85195
85196
85215
85216
85217
85218
85219
85220
85221
85222
85223
85224
85225
85226
85227
85228
85229
85230
85235
85236
85237
85238
85239
85240
85242
85243
85244
85245
85246
85248
85249
85250
85251
85253
85254
85255
85256
85257
85258
85259
85260
85261
85262
85263
85264
85265
85266
85267
85268
85269
85270
85271
85273
85274
85275
85276
85277
85278
85279
85280
85281
85282
85283
85284
85285
85286
85287
85288
85291
85292
85293
85294
85295
85296
85297
85298
85299
85300
85301
85302
85303
85304
85305
85306
85307
85308
85309
85311
85312
85315
85316
85317
85318
85319
85320
85321
85322
85323
85324
85325
85326
85327
85328
85329
85330
85331
85336
85337
85338
85339
85340
85341
85342
85343
85344
85345
85346
85347
85348
85349
85350
85351
85353
85354
85355
85356
85357
85358
85359
85360
85361
85362
85363
85364
85365
85366
85367
85368
85370
85371
85372
85373
85374
85375
85376
85377
85378
85379
85380
85381
85382
85383
85384
85403
85404
85405
85406
85407
85408
85409
85410
85411
85412
85413
85414
85415
85416
85417
85422
85423
85424
85425
85426
85427
85428
85429
85430
85431
85432
85433
85434
85435
85437
85438
85439
85440
85441
85442
85443
85444
85445
85446
85447
85448
85449
85450
85451
85452
85453
85454
85455
85456
85457
85458
85459
85460
85461
85462
85463
85464
85465
85466
85467
85468
85469
85470
85471
85474
85475
85476
85477
85478
85479
85481
85482
85483
85484
85485
85486
85487
85492
85493
85494
85495
85496
85497
85498
85499
85500
85501
85502
85503
85504
85505
85506
85507
85508
85510
85511
85512
85513
85514
85515
85516
85518
85519
85520
85521
85522
85523
85524
85525
85526
85527
85528
85529
85530
85532
85533
85534
85535
85536
85537
85538
85539
85540
85541
85542
85543
85544
85546
85547
85548
85549
85552
85553
85554
85555
85556
85557
85558
85559
85560
85561
85580
85581
85582
85583
85584
85585
85586
85587
85588
85589
85590
85591
85592
85593
85598
85599
85600
85601
85602
85603
85604
85605
85606
85607
85609
85610
85611
85612
85614
85615
85616
85617
85618
85619
85620
85621
85622
85623
85624
85625
85626
85627
85628
85631
85632
85633
85634
85635
85636
85637
85638
85639
85640
85641
85642
85643
85644
85646
85647
85648
85649
85650
85651
85652
85653
85654
85655
85656
85657
85658
85659
85661
85662
85663
85664
85665
85666
85667
85668
85669
85670
85671
85672
85673
85674
85678
85680
85681
85682
85683
85684
85685
85686
85687
85688
85689
85690
85691
85692
85693
85714
85715
85716
85717
85718
85719
85720
85721
85722
85723
85724
85725
85726
85727
85728
85730
85731
85732
85733
85734
85735
85736
85737
85738
85739
85740
