78826
78831
78836
78841
78846
78850
78857
78862
78866
78871
78876
78881
78907
78912
78919
78924
78929
78932
78937
78942
78946
78950
78955
78960
78965
78970
78975
78980
78985
78988
79052
79059
79063
79068
79073
79076
79081
79083
79085
79187
79193
79198
79905
79910
79915
79920
79925
79930
79935
79941
81491
81499
81504
81509
81514
81519
81523
83043
83044
83045
83046
83047
83048
83049
83050
83052
83053
83054
83055
83056
83057
83058
83059
83060
83061
83062
83063
83064
83065
83066
83067
83068
83069
83070
83071
83072
83073
83074
83075
83076
84054
84055
84056
84057
84058
84059
84060
84061
84062
84063
84662
84663
84664
84665
84666
84667
84668
84669
84670
84671
84672
84673
84674
84675
84676
84677
84678
84679
84680
84681
84682
84701
84702
84703
84903
84904
84905
84906
84907
84909
84910
84911
84912
84913
84914
84915
84916
84919
85095
85096
85097
85098
85099
85100
85101
85102
85105
85106
85107
85108
85109
85111
85112
85113
85114
85115
85116
85117
85118
85119
85464
85465
85466
85467
85468
85469
85470
85471
85474
85475
85476
85477
85478
85479
85632
85633
85634
85635
85636
85637
85638
85639
85640
85641
85642
85643
85644
85646
85647
85648
85649
85650
85651
85652
85653
85692
85693
85714
85715
85716
85717
85718
85719
85720
85721
85722
85723
85724
85725
85726
85735
85736
85737
85738
85739
85740
